0
5050
20100
45150
80200
125250
180300
245350
320400
405450
500500
605550
720600
845650
980700
1125750
1280800
1445850
1620900
1805950
2001000
2206050
2421100
2646150
2881200
3126250
3381300
3646350
3921400
4206450
4501500
4806550
5121600
5446650
5781700
6126750
6481800
6846850
7221900
7606950
8002000
8407050
8822100
9247150
9682200
10127250
10582300
11047350
11522400
12007450
12502500
13007550
13522600
14047650
14582700
15127750
15682800
16247850
16822900
17407950
18003000
18608050
19223100
19848150
20483200
21128250
21783300
22448350
23123400
23808450
24503500
25208550
25923600
26648650
27383700
28128750
28883800
29648850
30423900
31208950
32004000
32809050
33624100
34449150
35284200
36129250
36984300
37849350
38724400
39609450
40504500
41409550
42324600
43249650
44184700
45129750
46084800
47049850
48024900
49009950
