0
2520
9708
20946
38564
62512
91877
123735
163405
208801
254955
306477
364084
425925
497328
568546
639637
715962
803728
897983
996361
1093802
1200422
1305903
1428921
1563635
1685895
1827706
1975740
2125610
2267136
2423141
2581642
2739331
2920889
3086123
3274082
3470249
3654445
3849358
4046685
4258225
4486200
4682395
4898494
5131382
5350290
5585426
5832749
6054902
6307891
6581030
6829278
7081198
7337399
7573038
7852791
8125615
8398760
8687768
8974226
9292091
9602201
9916362
10254487
10572870
10931113
11251826
11592457
11939711
12295838
12664837
13018218
13371913
13730115
14122637
14528864
14918529
15315303
15697008
16086367
16468128
16863400
17263249
17666264
18101498
18474684
18919841
19338044
19790239
20226458
20667438
21158753
21571140
22061033
22527947
23027945
23560570
24078716
24612333
