0
680
1553
2498
3498
4498
5587
6687
7787
8887
9987
11164
12364
13564
14764
15964
17164
18364
19564
20764
21964
23217
24517
25817
27117
28417
29717
31017
32317
33617
34917
36217
37517
38817
40117
41417
42717
44017
45317
46617
47917
49222
50622
52022
53422
54822
56222
57622
59022
60422
61822
63222
64622
66022
67422
68822
70222
71622
73022
74422
75822
77222
78622
80022
81422
82822
84222
85622
87022
88422
89822
91222
92622
94022
95422
96822
98222
99622
101022
102422
103822
105222
106631
108131
109631
111131
112631
114131
115631
117131
118631
120131
121631
123131
124631
126131
127631
129131
130631
132131
