0
674
1561
2638
3746
4866
5282
8097
9318
9960
10791
11340
12717
16012
15576
17858
20760
21682
23820
22483
23381
26721
27388
30674
30066
29565
33271
36797
36553
40416
41672
42870
44103
43956
49783
47793
48592
55218
52006
54400
53357
58324
63326
58829
59113
67756
68588
71699
69201
71695
69780
76949
81172
75249
81814
80662
82903
82764
89447
88838
90041
92323
96264
97909
96533
98541
99140
101075
106019
111788
107067
112843
112818
116632
123854
115990
128316
131910
131169
128503
133805
136339
133886
134385
144637
148748
147910
150586
157116
156503
161875
161387
155881
156321
153824
160638
164597
168459
174605
172506
